image_name,bboxes,classes
Rotate90/02_1_8.jpg,"[[300, 481, 323, 507], [15, 482, 91, 511], [2, 402, 48, 454]]","['Tank', 'Tank', 'Tank']"
Rotate180/02_1_8.jpg,"[[481, 189, 507, 212], [482, 421, 511, 497], [402, 464, 454, 510]]","['Tank', 'Tank', 'Tank']"
Rotate270/02_1_8.jpg,"[[189, 5, 212, 31], [421, 1, 497, 30], [464, 58, 510, 110]]","['Tank', 'Tank', 'Tank']"
HorizontalFlip/02_1_8.jpg,"[[481, 300, 507, 323], [482, 15, 511, 91], [402, 2, 454, 48]]","['Tank', 'Tank', 'Tank']"
HFlipRotate90/02_1_8.jpg,"[[300, 5, 323, 31], [15, 1, 91, 30], [2, 58, 48, 110]]","['Tank', 'Tank', 'Tank']"
HFlipRotate180/02_1_8.jpg,"[[5, 189, 31, 212], [1, 421, 30, 497], [58, 464, 110, 510]]","['Tank', 'Tank', 'Tank']"
HFlipRotate270/02_1_8.jpg,"[[189, 481, 212, 507], [421, 482, 497, 511], [464, 402, 510, 454]]","['Tank', 'Tank', 'Tank']"
Rotate90/88_6_7.jpg,"[[60, 37, 127, 106]]",['Floating Head Tank']
Rotate180/88_6_7.jpg,"[[37, 385, 106, 452]]",['Floating Head Tank']
Rotate270/88_6_7.jpg,"[[385, 406, 452, 475]]",['Floating Head Tank']
HorizontalFlip/88_6_7.jpg,"[[37, 60, 106, 127]]",['Floating Head Tank']
HFlipRotate90/88_6_7.jpg,"[[60, 406, 127, 475]]",['Floating Head Tank']
HFlipRotate180/88_6_7.jpg,"[[406, 385, 475, 452]]",['Floating Head Tank']
HFlipRotate270/88_6_7.jpg,"[[385, 37, 452, 106]]",['Floating Head Tank']
Rotate90/02_0_8.jpg,"[[235, 408, 264, 441], [285, 345, 314, 378], [291, 417, 318, 450], [387, 403, 434, 454], [476, 404, 511, 454], [491, 485, 510, 511]]","['Tank', 'Tank', 'Tank', 'Tank', 'Tank', 'Tank']"
Rotate180/02_0_8.jpg,"[[408, 248, 441, 277], [345, 198, 378, 227], [417, 194, 450, 221], [403, 78, 454, 125], [404, 1, 454, 36], [485, 2, 511, 21]]","['Tank', 'Tank', 'Tank', 'Tank', 'Tank', 'Tank']"
Rotate270/02_0_8.jpg,"[[248, 71, 277, 104], [198, 134, 227, 167], [194, 62, 221, 95], [78, 58, 125, 109], [1, 58, 36, 108], [2, 1, 21, 27]]","['Tank', 'Tank', 'Tank', 'Tank', 'Tank', 'Tank']"
HorizontalFlip/02_0_8.jpg,"[[408, 235, 441, 264], [345, 285, 378, 314], [417, 291, 450, 318], [403, 387, 454, 434], [404, 476, 454, 511], [485, 491, 511, 510]]","['Tank', 'Tank', 'Tank', 'Tank', 'Tank', 'Tank']"
HFlipRotate90/02_0_8.jpg,"[[235, 71, 264, 104], [285, 134, 314, 167], [291, 62, 318, 95], [387, 58, 434, 109], [476, 58, 511, 108], [491, 1, 510, 27]]","['Tank', 'Tank', 'Tank', 'Tank', 'Tank', 'Tank']"
HFlipRotate180/02_0_8.jpg,"[[71, 248, 104, 277], [134, 198, 167, 227], [62, 194, 95, 221], [58, 78, 109, 125], [58, 1, 108, 36], [1, 2, 27, 21]]","['Tank', 'Tank', 'Tank', 'Tank', 'Tank', 'Tank']"
HFlipRotate270/02_0_8.jpg,"[[248, 408, 277, 441], [198, 345, 227, 378], [194, 417, 221, 450], [78, 403, 125, 454], [1, 404, 36, 454], [2, 485, 21, 511]]","['Tank', 'Tank', 'Tank', 'Tank', 'Tank', 'Tank']"
Rotate90/03_9_8.jpg,"[[30, 394, 147, 511]]",['Tank']
Rotate180/03_9_8.jpg,"[[394, 365, 511, 482]]",['Tank']
Rotate270/03_9_8.jpg,"[[365, 1, 482, 118]]",['Tank']
HorizontalFlip/03_9_8.jpg,"[[394, 30, 511, 147]]",['Tank']
HFlipRotate90/03_9_8.jpg,"[[30, 1, 147, 118]]",['Tank']
HFlipRotate180/03_9_8.jpg,"[[1, 365, 118, 482]]",['Tank']
HFlipRotate270/03_9_8.jpg,"[[365, 394, 482, 511]]",['Tank']
Rotate90/14_4_7.jpg,"[[35, 462, 85, 509], [62, 348, 160, 443], [263, 353, 334, 421], [481, 68, 511, 152], [409, 0, 501, 49], [241, 1, 315, 20], [117, 9, 210, 99]]","['Floating Head Tank', 'Floating Head Tank', 'Floating Head Tank', 'Floating Head Tank', 'Floating Head Tank', 'Floating Head Tank', 'Floating Head Tank']"
Rotate180/14_4_7.jpg,"[[462, 427, 509, 477], [348, 352, 443, 450], [353, 178, 421, 249], [68, 1, 152, 31], [0, 11, 49, 103], [1, 197, 20, 271], [9, 302, 99, 395]]","['Floating Head Tank', 'Floating Head Tank', 'Floating Head Tank', 'Floating Head Tank', 'Floating Head Tank', 'Floating Head Tank', 'Floating Head Tank']"
Rotate270/14_4_7.jpg,"[[427, 3, 477, 50], [352, 69, 450, 164], [178, 91, 249, 159], [1, 360, 31, 444], [11, 463, 103, 512], [197, 492, 271, 511], [302, 413, 395, 503]]","['Floating Head Tank', 'Floating Head Tank', 'Floating Head Tank', 'Floating Head Tank', 'Floating Head Tank', 'Floating Head Tank', 'Floating Head Tank']"
HorizontalFlip/14_4_7.jpg,"[[462, 35, 509, 85], [348, 62, 443, 160], [353, 263, 421, 334], [68, 481, 152, 511], [0, 409, 49, 501], [1, 241, 20, 315], [9, 117, 99, 210]]","['Floating Head Tank', 'Floating Head Tank', 'Floating Head Tank', 'Floating Head Tank', 'Floating Head Tank', 'Floating Head Tank', 'Floating Head Tank']"
HFlipRotate90/14_4_7.jpg,"[[35, 3, 85, 50], [62, 69, 160, 164], [263, 91, 334, 159], [481, 360, 511, 444], [409, 463, 501, 512], [241, 492, 315, 511], [117, 413, 210, 503]]","['Floating Head Tank', 'Floating Head Tank', 'Floating Head Tank', 'Floating Head Tank', 'Floating Head Tank', 'Floating Head Tank', 'Floating Head Tank']"
HFlipRotate180/14_4_7.jpg,"[[3, 427, 50, 477], [69, 352, 164, 450], [91, 178, 159, 249], [360, 1, 444, 31], [463, 11, 512, 103], [492, 197, 511, 271], [413, 302, 503, 395]]","['Floating Head Tank', 'Floating Head Tank', 'Floating Head Tank', 'Floating Head Tank', 'Floating Head Tank', 'Floating Head Tank', 'Floating Head Tank']"
HFlipRotate270/14_4_7.jpg,"[[427, 462, 477, 509], [352, 348, 450, 443], [178, 353, 249, 421], [1, 68, 31, 152], [11, 0, 103, 49], [197, 1, 271, 20], [302, 9, 395, 99]]","['Floating Head Tank', 'Floating Head Tank', 'Floating Head Tank', 'Floating Head Tank', 'Floating Head Tank', 'Floating Head Tank', 'Floating Head Tank']"
Rotate90/87_5_4.jpg,"[[354, 112, 397, 150], [319, 54, 362, 92]]","['Floating Head Tank', 'Floating Head Tank']"
Rotate180/87_5_4.jpg,"[[112, 115, 150, 158], [54, 150, 92, 193]]","['Floating Head Tank', 'Floating Head Tank']"
Rotate270/87_5_4.jpg,"[[115, 362, 158, 400], [150, 420, 193, 458]]","['Floating Head Tank', 'Floating Head Tank']"
HorizontalFlip/87_5_4.jpg,"[[112, 354, 150, 397], [54, 319, 92, 362]]","['Floating Head Tank', 'Floating Head Tank']"
HFlipRotate90/87_5_4.jpg,"[[354, 362, 397, 400], [319, 420, 362, 458]]","['Floating Head Tank', 'Floating Head Tank']"
HFlipRotate180/87_5_4.jpg,"[[362, 115, 400, 158], [420, 150, 458, 193]]","['Floating Head Tank', 'Floating Head Tank']"
HFlipRotate270/87_5_4.jpg,"[[115, 112, 158, 150], [150, 54, 193, 92]]","['Floating Head Tank', 'Floating Head Tank']"
Rotate90/05_3_6.jpg,"[[368, 1, 383, 20]]",['Tank']
Rotate180/05_3_6.jpg,"[[1, 129, 20, 144]]",['Tank']
Rotate270/05_3_6.jpg,"[[129, 492, 144, 511]]",['Tank']
HorizontalFlip/05_3_6.jpg,"[[1, 368, 20, 383]]",['Tank']
HFlipRotate90/05_3_6.jpg,"[[368, 492, 383, 511]]",['Tank']
HFlipRotate180/05_3_6.jpg,"[[492, 129, 511, 144]]",['Tank']
HFlipRotate270/05_3_6.jpg,"[[129, 1, 144, 20]]",['Tank']
Rotate90/15_5_2.jpg,"[[324, 1, 417, 74], [452, 1, 512, 74]]","['Floating Head Tank', 'Floating Head Tank']"
Rotate180/15_5_2.jpg,"[[1, 95, 74, 188], [1, 0, 74, 60]]","['Floating Head Tank', 'Floating Head Tank']"
Rotate270/15_5_2.jpg,"[[95, 438, 188, 511], [0, 438, 60, 511]]","['Floating Head Tank', 'Floating Head Tank']"
HorizontalFlip/15_5_2.jpg,"[[1, 324, 74, 417], [1, 452, 74, 513]]","['Floating Head Tank', 'Floating Head Tank']"
HFlipRotate90/15_5_2.jpg,"[[324, 438, 417, 511], [452, 438, 512, 511]]","['Floating Head Tank', 'Floating Head Tank']"
HFlipRotate180/15_5_2.jpg,"[[438, 95, 511, 188], [438, 0, 511, 60]]","['Floating Head Tank', 'Floating Head Tank']"
HFlipRotate270/15_5_2.jpg,"[[95, 1, 188, 74], [0, 1, 60, 74]]","['Floating Head Tank', 'Floating Head Tank']"
Rotate90/83_6_9.jpg,"[[391, 390, 478, 477]]",['Floating Head Tank']
Rotate180/83_6_9.jpg,"[[390, 34, 477, 121]]",['Floating Head Tank']
Rotate270/83_6_9.jpg,"[[34, 35, 121, 122]]",['Floating Head Tank']
HorizontalFlip/83_6_9.jpg,"[[390, 391, 477, 478]]",['Floating Head Tank']
HFlipRotate90/83_6_9.jpg,"[[391, 35, 478, 122]]",['Floating Head Tank']
HFlipRotate180/83_6_9.jpg,"[[35, 34, 122, 121]]",['Floating Head Tank']
HFlipRotate270/83_6_9.jpg,"[[34, 390, 121, 477]]",['Floating Head Tank']
Rotate90/44_3_4.jpg,"[[369, 296, 459, 384], [370, 84, 460, 171]]","['Floating Head Tank', 'Floating Head Tank']"
Rotate180/44_3_4.jpg,"[[296, 53, 384, 143], [84, 52, 171, 142]]","['Floating Head Tank', 'Floating Head Tank']"
Rotate270/44_3_4.jpg,"[[53, 128, 143, 216], [52, 341, 142, 428]]","['Floating Head Tank', 'Floating Head Tank']"
HorizontalFlip/44_3_4.jpg,"[[296, 369, 384, 459], [84, 370, 171, 460]]","['Floating Head Tank', 'Floating Head Tank']"
HFlipRotate90/44_3_4.jpg,"[[369, 128, 459, 216], [370, 341, 460, 428]]","['Floating Head Tank', 'Floating Head Tank']"
HFlipRotate180/44_3_4.jpg,"[[128, 53, 216, 143], [341, 52, 428, 142]]","['Floating Head Tank', 'Floating Head Tank']"
HFlipRotate270/44_3_4.jpg,"[[53, 296, 143, 384], [52, 84, 142, 171]]","['Floating Head Tank', 'Floating Head Tank']"
Rotate90/13_4_4.jpg,"[[464, 299, 507, 339], [481, 256, 512, 299], [332, 8, 394, 68]]","['Floating Head Tank', 'Floating Head Tank', 'Floating Head Tank']"
Rotate180/13_4_4.jpg,"[[299, 5, 339, 48], [256, 0, 299, 31], [8, 118, 68, 180]]","['Floating Head Tank', 'Floating Head Tank', 'Floating Head Tank']"
Rotate270/13_4_4.jpg,"[[5, 173, 48, 213], [0, 213, 31, 256], [118, 444, 180, 504]]","['Floating Head Tank', 'Floating Head Tank', 'Floating Head Tank']"
HorizontalFlip/13_4_4.jpg,"[[299, 464, 339, 507], [256, 481, 299, 512], [8, 332, 68, 394]]","['Floating Head Tank', 'Floating Head Tank', 'Floating Head Tank']"
HFlipRotate90/13_4_4.jpg,"[[464, 173, 507, 213], [481, 213, 512, 256], [332, 444, 394, 504]]","['Floating Head Tank', 'Floating Head Tank', 'Floating Head Tank']"
HFlipRotate180/13_4_4.jpg,"[[173, 5, 213, 48], [213, 0, 256, 31], [444, 118, 504, 180]]","['Floating Head Tank', 'Floating Head Tank', 'Floating Head Tank']"
HFlipRotate270/13_4_4.jpg,"[[5, 299, 48, 339], [0, 256, 31, 299], [118, 8, 180, 68]]","['Floating Head Tank', 'Floating Head Tank', 'Floating Head Tank']"
Rotate90/05_3_8.jpg,"[[177, 210, 211, 251], [135, 211, 168, 251], [87, 234, 119, 276], [54, 209, 88, 249], [26, 239, 59, 276], [9, 165, 30, 189], [11, 142, 31, 165], [13, 117, 32, 142], [34, 164, 53, 188], [36, 141, 55, 164], [37, 115, 56, 141], [68, 167, 87, 189], [70, 143, 88, 167], [70, 118, 89, 143], [91, 163, 110, 186], [91, 138, 110, 163], [228, 235, 263, 275]]","['Tank', 'Tank', 'Tank', 'Tank', 'Tank', 'Tank', 'Tank', 'Tank', 'Tank', 'Tank', 'Tank', 'Tank', 'Tank', 'Tank', 'Tank', 'Tank', 'Floating Head Tank']"
Rotate180/05_3_8.jpg,"[[210, 301, 251, 335], [211, 344, 251, 377], [234, 393, 276, 425], [209, 424, 249, 458], [239, 453, 276, 486], [165, 482, 189, 503], [142, 481, 165, 501], [117, 480, 142, 499], [164, 459, 188, 478], [141, 457, 164, 476], [115, 456, 141, 475], [167, 425, 189, 444], [143, 424, 167, 442], [118, 423, 143, 442], [163, 402, 186, 421], [138, 402, 163, 421], [235, 249, 275, 284]]","['Tank', 'Tank', 'Tank', 'Tank', 'Tank', 'Tank', 'Tank', 'Tank', 'Tank', 'Tank', 'Tank', 'Tank', 'Tank', 'Tank', 'Tank', 'Tank', 'Floating Head Tank']"
Rotate270/05_3_8.jpg,"[[301, 261, 335, 302], [344, 261, 377, 301], [393, 236, 425, 278], [424, 263, 458, 303], [453, 236, 486, 273], [482, 323, 503, 347], [481, 347, 501, 370], [480, 370, 499, 395], [459, 324, 478, 348], [457, 348, 476, 371], [456, 371, 475, 397], [425, 323, 444, 345], [424, 345, 442, 369], [423, 369, 442, 394], [402, 326, 421, 349], [402, 349, 421, 374], [249, 237, 284, 277]]","['Tank', 'Tank', 'Tank', 'Tank', 'Tank', 'Tank', 'Tank', 'Tank', 'Tank', 'Tank', 'Tank', 'Tank', 'Tank', 'Tank', 'Tank', 'Tank', 'Floating Head Tank']"
HorizontalFlip/05_3_8.jpg,"[[210, 177, 251, 211], [211, 135, 251, 168], [234, 87, 276, 119], [209, 54, 249, 88], [239, 26, 276, 59], [165, 9, 189, 30], [142, 11, 165, 31], [117, 13, 142, 32], [164, 34, 188, 53], [141, 36, 164, 55], [115, 37, 141, 56], [167, 68, 189, 87], [143, 70, 167, 88], [118, 70, 143, 89], [163, 91, 186, 110], [138, 91, 163, 110], [235, 228, 275, 263]]","['Tank', 'Tank', 'Tank', 'Tank', 'Tank', 'Tank', 'Tank', 'Tank', 'Tank', 'Tank', 'Tank', 'Tank', 'Tank', 'Tank', 'Tank', 'Tank', 'Floating Head Tank']"
HFlipRotate90/05_3_8.jpg,"[[177, 261, 211, 302], [135, 261, 168, 301], [87, 236, 119, 278], [54, 263, 88, 303], [26, 236, 59, 273], [9, 323, 30, 347], [11, 347, 31, 370], [13, 370, 32, 395], [34, 324, 53, 348], [36, 348, 55, 371], [37, 371, 56, 397], [68, 323, 87, 345], [70, 345, 88, 369], [70, 369, 89, 394], [91, 326, 110, 349], [91, 349, 110, 374], [228, 237, 263, 277]]","['Tank', 'Tank', 'Tank', 'Tank', 'Tank', 'Tank', 'Tank', 'Tank', 'Tank', 'Tank', 'Tank', 'Tank', 'Tank', 'Tank', 'Tank', 'Tank', 'Floating Head Tank']"
HFlipRotate180/05_3_8.jpg,"[[261, 301, 302, 335], [261, 344, 301, 377], [236, 393, 278, 425], [263, 424, 303, 458], [236, 453, 273, 486], [323, 482, 347, 503], [347, 481, 370, 501], [370, 480, 395, 499], [324, 459, 348, 478], [348, 457, 371, 476], [371, 456, 397, 475], [323, 425, 345, 444], [345, 424, 369, 442], [369, 423, 394, 442], [326, 402, 349, 421], [349, 402, 374, 421], [237, 249, 277, 284]]","['Tank', 'Tank', 'Tank', 'Tank', 'Tank', 'Tank', 'Tank', 'Tank', 'Tank', 'Tank', 'Tank', 'Tank', 'Tank', 'Tank', 'Tank', 'Tank', 'Floating Head Tank']"
HFlipRotate270/05_3_8.jpg,"[[301, 210, 335, 251], [344, 211, 377, 251], [393, 234, 425, 276], [424, 209, 458, 249], [453, 239, 486, 276], [482, 165, 503, 189], [481, 142, 501, 165], [480, 117, 499, 142], [459, 164, 478, 188], [457, 141, 476, 164], [456, 115, 475, 141], [425, 167, 444, 189], [424, 143, 442, 167], [423, 118, 442, 143], [402, 163, 421, 186], [402, 138, 421, 163], [249, 235, 284, 275]]","['Tank', 'Tank', 'Tank', 'Tank', 'Tank', 'Tank', 'Tank', 'Tank', 'Tank', 'Tank', 'Tank', 'Tank', 'Tank', 'Tank', 'Tank', 'Tank', 'Floating Head Tank']"
Rotate90/14_0_4.jpg,"[[176, 227, 268, 318], [180, 52, 269, 142], [176, 438, 266, 510], [0, 224, 76, 312], [0, 468, 36, 511], [0, 47, 80, 136]]","['Floating Head Tank', 'Floating Head Tank', 'Floating Head Tank', 'Floating Head Tank', 'Floating Head Tank', 'Floating Head Tank']"
Rotate180/14_0_4.jpg,"[[227, 244, 318, 336], [52, 243, 142, 332], [438, 246, 510, 336], [224, 436, 312, 512], [468, 476, 511, 512], [47, 432, 136, 512]]","['Floating Head Tank', 'Floating Head Tank', 'Floating Head Tank', 'Floating Head Tank', 'Floating Head Tank', 'Floating Head Tank']"
Rotate270/14_0_4.jpg,"[[244, 194, 336, 285], [243, 370, 332, 460], [246, 2, 336, 74], [436, 200, 512, 288], [476, 1, 512, 44], [432, 376, 512, 465]]","['Floating Head Tank', 'Floating Head Tank', 'Floating Head Tank', 'Floating Head Tank', 'Floating Head Tank', 'Floating Head Tank']"
HorizontalFlip/14_0_4.jpg,"[[227, 176, 318, 268], [52, 180, 142, 269], [438, 176, 510, 266], [224, 0, 312, 76], [468, -1, 511, 36], [47, 0, 136, 80]]","['Floating Head Tank', 'Floating Head Tank', 'Floating Head Tank', 'Floating Head Tank', 'Floating Head Tank', 'Floating Head Tank']"
HFlipRotate90/14_0_4.jpg,"[[176, 194, 268, 285], [180, 370, 269, 460], [176, 2, 266, 74], [0, 200, 76, 288], [0, 1, 36, 44], [0, 376, 80, 465]]","['Floating Head Tank', 'Floating Head Tank', 'Floating Head Tank', 'Floating Head Tank', 'Floating Head Tank', 'Floating Head Tank']"
HFlipRotate180/14_0_4.jpg,"[[194, 244, 285, 336], [370, 243, 460, 332], [2, 246, 74, 336], [200, 436, 288, 512], [1, 476, 44, 512], [376, 432, 465, 512]]","['Floating Head Tank', 'Floating Head Tank', 'Floating Head Tank', 'Floating Head Tank', 'Floating Head Tank', 'Floating Head Tank']"
HFlipRotate270/14_0_4.jpg,"[[244, 227, 336, 318], [243, 52, 332, 142], [246, 438, 336, 510], [436, 224, 512, 312], [476, 468, 512, 511], [432, 47, 512, 136]]","['Floating Head Tank', 'Floating Head Tank', 'Floating Head Tank', 'Floating Head Tank', 'Floating Head Tank', 'Floating Head Tank']"
Rotate90/12_3_0.jpg,"[[218, 108, 282, 189]]",['Floating Head Tank']
Rotate180/12_3_0.jpg,"[[108, 230, 189, 294]]",['Floating Head Tank']
Rotate270/12_3_0.jpg,"[[230, 323, 294, 404]]",['Floating Head Tank']
HorizontalFlip/12_3_0.jpg,"[[108, 218, 189, 282]]",['Floating Head Tank']
HFlipRotate90/12_3_0.jpg,"[[218, 323, 282, 404]]",['Floating Head Tank']
HFlipRotate180/12_3_0.jpg,"[[323, 230, 404, 294]]",['Floating Head Tank']
HFlipRotate270/12_3_0.jpg,"[[230, 108, 294, 189]]",['Floating Head Tank']
Rotate90/80_0_7.jpg,"[[145, 364, 278, 497], [229, 217, 364, 350], [318, 83, 436, 200], [421, 325, 511, 459], [344, 472, 466, 512]]","['Floating Head Tank', 'Floating Head Tank', 'Floating Head Tank', 'Floating Head Tank', 'Floating Head Tank']"
Rotate180/80_0_7.jpg,"[[364, 234, 497, 367], [217, 148, 350, 283], [83, 76, 200, 194], [325, 1, 459, 91], [472, 46, 512, 168]]","['Floating Head Tank', 'Floating Head Tank', 'Floating Head Tank', 'Floating Head Tank', 'Floating Head Tank']"
Rotate270/80_0_7.jpg,"[[234, 15, 367, 148], [148, 162, 283, 295], [76, 312, 194, 429], [1, 53, 91, 187], [46, 0, 168, 40]]","['Floating Head Tank', 'Floating Head Tank', 'Floating Head Tank', 'Floating Head Tank', 'Floating Head Tank']"
HorizontalFlip/80_0_7.jpg,"[[364, 145, 497, 278], [217, 229, 350, 364], [83, 318, 200, 436], [325, 421, 459, 511], [472, 344, 513, 466]]","['Floating Head Tank', 'Floating Head Tank', 'Floating Head Tank', 'Floating Head Tank', 'Floating Head Tank']"
HFlipRotate90/80_0_7.jpg,"[[145, 15, 278, 148], [229, 162, 364, 295], [318, 312, 436, 429], [421, 53, 511, 187], [344, 0, 466, 40]]","['Floating Head Tank', 'Floating Head Tank', 'Floating Head Tank', 'Floating Head Tank', 'Floating Head Tank']"
HFlipRotate180/80_0_7.jpg,"[[15, 234, 148, 367], [162, 148, 295, 283], [312, 76, 429, 194], [53, 1, 187, 91], [0, 46, 40, 168]]","['Floating Head Tank', 'Floating Head Tank', 'Floating Head Tank', 'Floating Head Tank', 'Floating Head Tank']"
HFlipRotate270/80_0_7.jpg,"[[234, 364, 367, 497], [148, 217, 283, 350], [76, 83, 194, 200], [1, 325, 91, 459], [46, 472, 168, 512]]","['Floating Head Tank', 'Floating Head Tank', 'Floating Head Tank', 'Floating Head Tank', 'Floating Head Tank']"
Rotate90/94_0_4.jpg,"[[138, 476, 271, 512], [406, 113, 512, 278]]","['Floating Head Tank', 'Floating Head Tank']"
Rotate180/94_0_4.jpg,"[[476, 241, 512, 374], [113, 0, 278, 106]]","['Floating Head Tank', 'Floating Head Tank']"
Rotate270/94_0_4.jpg,"[[241, 0, 374, 36], [0, 234, 106, 399]]","['Floating Head Tank', 'Floating Head Tank']"
HorizontalFlip/94_0_4.jpg,"[[476, 138, 513, 271], [113, 406, 278, 513]]","['Floating Head Tank', 'Floating Head Tank']"
HFlipRotate90/94_0_4.jpg,"[[138, 0, 271, 36], [406, 234, 512, 399]]","['Floating Head Tank', 'Floating Head Tank']"
HFlipRotate180/94_0_4.jpg,"[[0, 241, 36, 374], [234, 0, 399, 106]]","['Floating Head Tank', 'Floating Head Tank']"
HFlipRotate270/94_0_4.jpg,"[[241, 476, 374, 512], [0, 113, 106, 278]]","['Floating Head Tank', 'Floating Head Tank']"
Rotate90/18_1_2.jpg,"[[349, 1, 444, 35]]",['Floating Head Tank']
Rotate180/18_1_2.jpg,"[[1, 68, 35, 163]]",['Floating Head Tank']
Rotate270/18_1_2.jpg,"[[68, 477, 163, 511]]",['Floating Head Tank']
HorizontalFlip/18_1_2.jpg,"[[1, 349, 35, 444]]",['Floating Head Tank']
HFlipRotate90/18_1_2.jpg,"[[349, 477, 444, 511]]",['Floating Head Tank']
HFlipRotate180/18_1_2.jpg,"[[477, 68, 511, 163]]",['Floating Head Tank']
HFlipRotate270/18_1_2.jpg,"[[68, 1, 163, 35]]",['Floating Head Tank']
Rotate90/02_2_3.jpg,"[[149, 249, 234, 333], [163, 104, 215, 158], [305, 103, 360, 157], [161, 423, 223, 483], [297, 423, 359, 484], [357, 329, 384, 356], [289, 225, 381, 316], [417, 1, 512, 71]]","['Tank', 'Tank', 'Tank', 'Floating Head Tank', 'Floating Head Tank', 'Floating Head Tank', 'Floating Head Tank', 'Floating Head Tank']"
Rotate180/02_2_3.jpg,"[[249, 278, 333, 363], [104, 297, 158, 349], [103, 152, 157, 207], [423, 289, 483, 351], [423, 153, 484, 215], [329, 128, 356, 155], [225, 131, 316, 223], [1, 0, 71, 95]]","['Tank', 'Tank', 'Tank', 'Floating Head Tank', 'Floating Head Tank', 'Floating Head Tank', 'Floating Head Tank', 'Floating Head Tank']"
Rotate270/02_2_3.jpg,"[[278, 179, 363, 263], [297, 354, 349, 408], [152, 355, 207, 409], [289, 29, 351, 89], [153, 28, 215, 89], [128, 156, 155, 183], [131, 196, 223, 287], [0, 441, 95, 511]]","['Tank', 'Tank', 'Tank', 'Floating Head Tank', 'Floating Head Tank', 'Floating Head Tank', 'Floating Head Tank', 'Floating Head Tank']"
HorizontalFlip/02_2_3.jpg,"[[249, 149, 333, 234], [104, 163, 158, 215], [103, 305, 157, 360], [423, 161, 483, 223], [423, 297, 484, 359], [329, 357, 356, 384], [225, 289, 316, 381], [1, 417, 71, 512]]","['Tank', 'Tank', 'Tank', 'Floating Head Tank', 'Floating Head Tank', 'Floating Head Tank', 'Floating Head Tank', 'Floating Head Tank']"
HFlipRotate90/02_2_3.jpg,"[[149, 179, 234, 263], [163, 354, 215, 408], [305, 355, 360, 409], [161, 29, 223, 89], [297, 28, 359, 89], [357, 156, 384, 183], [289, 196, 381, 287], [417, 441, 512, 511]]","['Tank', 'Tank', 'Tank', 'Floating Head Tank', 'Floating Head Tank', 'Floating Head Tank', 'Floating Head Tank', 'Floating Head Tank']"
HFlipRotate180/02_2_3.jpg,"[[179, 278, 263, 363], [354, 297, 408, 349], [355, 152, 409, 207], [29, 289, 89, 351], [28, 153, 89, 215], [156, 128, 183, 155], [196, 131, 287, 223], [441, 0, 511, 95]]","['Tank', 'Tank', 'Tank', 'Floating Head Tank', 'Floating Head Tank', 'Floating Head Tank', 'Floating Head Tank', 'Floating Head Tank']"
HFlipRotate270/02_2_3.jpg,"[[278, 249, 363, 333], [297, 104, 349, 158], [152, 103, 207, 157], [289, 423, 351, 483], [153, 423, 215, 484], [128, 329, 155, 356], [131, 225, 223, 316], [0, 1, 95, 71]]","['Tank', 'Tank', 'Tank', 'Floating Head Tank', 'Floating Head Tank', 'Floating Head Tank', 'Floating Head Tank', 'Floating Head Tank']"
Rotate90/82_5_3.jpg,"[[105, 0, 185, 26], [450, 0, 512, 48]]","['Floating Head Tank', 'Floating Head Tank']"
Rotate180/82_5_3.jpg,"[[0, 327, 26, 407], [0, 0, 48, 62]]","['Floating Head Tank', 'Floating Head Tank']"
Rotate270/82_5_3.jpg,"[[327, 486, 407, 512], [0, 464, 62, 512]]","['Floating Head Tank', 'Floating Head Tank']"
HorizontalFlip/82_5_3.jpg,"[[0, 105, 26, 185], [-1, 450, 48, 512]]","['Floating Head Tank', 'Floating Head Tank']"
HFlipRotate90/82_5_3.jpg,"[[105, 486, 185, 512], [450, 464, 512, 512]]","['Floating Head Tank', 'Floating Head Tank']"
HFlipRotate180/82_5_3.jpg,"[[486, 327, 512, 407], [464, 0, 512, 62]]","['Floating Head Tank', 'Floating Head Tank']"
HFlipRotate270/82_5_3.jpg,"[[327, 0, 407, 26], [0, 0, 62, 48]]","['Floating Head Tank', 'Floating Head Tank']"
Rotate90/51_7_7.jpg,"[[35, 314, 83, 367], [96, 316, 144, 369], [215, 324, 256, 370]]","['Floating Head Tank', 'Floating Head Tank', 'Floating Head Tank']"
Rotate180/51_7_7.jpg,"[[314, 429, 367, 477], [316, 368, 369, 416], [324, 256, 370, 297]]","['Floating Head Tank', 'Floating Head Tank', 'Floating Head Tank']"
Rotate270/51_7_7.jpg,"[[429, 145, 477, 198], [368, 143, 416, 196], [256, 142, 297, 188]]","['Floating Head Tank', 'Floating Head Tank', 'Floating Head Tank']"
HorizontalFlip/51_7_7.jpg,"[[314, 35, 367, 83], [316, 96, 369, 144], [324, 215, 370, 256]]","['Floating Head Tank', 'Floating Head Tank', 'Floating Head Tank']"
HFlipRotate90/51_7_7.jpg,"[[35, 145, 83, 198], [96, 143, 144, 196], [215, 142, 256, 188]]","['Floating Head Tank', 'Floating Head Tank', 'Floating Head Tank']"
HFlipRotate180/51_7_7.jpg,"[[145, 429, 198, 477], [143, 368, 196, 416], [142, 256, 188, 297]]","['Floating Head Tank', 'Floating Head Tank', 'Floating Head Tank']"
HFlipRotate270/51_7_7.jpg,"[[429, 314, 477, 367], [368, 316, 416, 369], [256, 324, 297, 370]]","['Floating Head Tank', 'Floating Head Tank', 'Floating Head Tank']"
Rotate90/99_2_6.jpg,"[[371, 476, 489, 512]]",['Floating Head Tank']
Rotate180/99_2_6.jpg,"[[476, 23, 512, 141]]",['Floating Head Tank']
Rotate270/99_2_6.jpg,"[[23, 0, 141, 36]]",['Floating Head Tank']
HorizontalFlip/99_2_6.jpg,"[[476, 371, 512, 489]]",['Floating Head Tank']
HFlipRotate90/99_2_6.jpg,"[[371, 0, 489, 36]]",['Floating Head Tank']
HFlipRotate180/99_2_6.jpg,"[[0, 23, 36, 141]]",['Floating Head Tank']
HFlipRotate270/99_2_6.jpg,"[[23, 476, 141, 512]]",['Floating Head Tank']
Rotate90/16_6_6.jpg,"[[0, 230, 127, 360], [2, 48, 128, 178]]","['Floating Head Tank', 'Floating Head Tank']"
Rotate180/16_6_6.jpg,"[[230, 385, 360, 512], [48, 384, 178, 510]]","['Floating Head Tank', 'Floating Head Tank']"
Rotate270/16_6_6.jpg,"[[385, 152, 512, 282], [384, 334, 510, 464]]","['Floating Head Tank', 'Floating Head Tank']"
HorizontalFlip/16_6_6.jpg,"[[230, -1, 360, 127], [48, 2, 178, 128]]","['Floating Head Tank', 'Floating Head Tank']"
HFlipRotate90/16_6_6.jpg,"[[0, 152, 127, 282], [2, 334, 128, 464]]","['Floating Head Tank', 'Floating Head Tank']"
HFlipRotate180/16_6_6.jpg,"[[152, 385, 282, 512], [334, 384, 464, 510]]","['Floating Head Tank', 'Floating Head Tank']"
HFlipRotate270/16_6_6.jpg,"[[385, 230, 512, 360], [384, 48, 510, 178]]","['Floating Head Tank', 'Floating Head Tank']"
Rotate90/89_1_1.jpg,"[[341, 161, 426, 236], [415, 44, 495, 116], [48, 0, 144, 56]]","['Floating Head Tank', 'Floating Head Tank', 'Floating Head Tank']"
Rotate180/89_1_1.jpg,"[[161, 86, 236, 171], [44, 17, 116, 97], [0, 368, 56, 464]]","['Floating Head Tank', 'Floating Head Tank', 'Floating Head Tank']"
Rotate270/89_1_1.jpg,"[[86, 276, 171, 351], [17, 396, 97, 468], [368, 456, 464, 512]]","['Floating Head Tank', 'Floating Head Tank', 'Floating Head Tank']"
HorizontalFlip/89_1_1.jpg,"[[161, 341, 236, 426], [44, 415, 116, 495], [0, 48, 56, 144]]","['Floating Head Tank', 'Floating Head Tank', 'Floating Head Tank']"
HFlipRotate90/89_1_1.jpg,"[[341, 276, 426, 351], [415, 396, 495, 468], [48, 456, 144, 512]]","['Floating Head Tank', 'Floating Head Tank', 'Floating Head Tank']"
HFlipRotate180/89_1_1.jpg,"[[276, 86, 351, 171], [396, 17, 468, 97], [456, 368, 512, 464]]","['Floating Head Tank', 'Floating Head Tank', 'Floating Head Tank']"
HFlipRotate270/89_1_1.jpg,"[[86, 161, 171, 236], [17, 44, 97, 116], [368, 0, 464, 56]]","['Floating Head Tank', 'Floating Head Tank', 'Floating Head Tank']"
Rotate90/100_4_6.jpg,"[[337, 438, 392, 482], [489, 438, 512, 481]]","['Floating Head Tank', 'Floating Head Tank']"
Rotate180/100_4_6.jpg,"[[438, 120, 482, 175], [438, 0, 481, 23]]","['Floating Head Tank', 'Floating Head Tank']"
Rotate270/100_4_6.jpg,"[[120, 30, 175, 74], [0, 31, 23, 74]]","['Floating Head Tank', 'Floating Head Tank']"
HorizontalFlip/100_4_6.jpg,"[[438, 337, 482, 392], [438, 489, 481, 513]]","['Floating Head Tank', 'Floating Head Tank']"
HFlipRotate90/100_4_6.jpg,"[[337, 30, 392, 74], [489, 31, 512, 74]]","['Floating Head Tank', 'Floating Head Tank']"
HFlipRotate180/100_4_6.jpg,"[[30, 120, 74, 175], [31, 0, 74, 23]]","['Floating Head Tank', 'Floating Head Tank']"
HFlipRotate270/100_4_6.jpg,"[[120, 438, 175, 482], [0, 438, 23, 481]]","['Floating Head Tank', 'Floating Head Tank']"
Rotate90/24_1_3.jpg,"[[205, 402, 262, 457], [241, 306, 279, 345], [287, 343, 327, 381], [160, 338, 206, 382], [191, 266, 234, 309], [107, 212, 168, 272], [57, 274, 116, 334]]","['Floating Head Tank', 'Floating Head Tank', 'Floating Head Tank', 'Floating Head Tank', 'Floating Head Tank', 'Floating Head Tank', 'Floating Head Tank']"
Rotate180/24_1_3.jpg,"[[402, 250, 457, 307], [306, 233, 345, 271], [343, 185, 381, 225], [338, 306, 382, 352], [266, 278, 309, 321], [212, 344, 272, 405], [274, 396, 334, 455]]","['Floating Head Tank', 'Floating Head Tank', 'Floating Head Tank', 'Floating Head Tank', 'Floating Head Tank', 'Floating Head Tank', 'Floating Head Tank']"
Rotate270/24_1_3.jpg,"[[250, 55, 307, 110], [233, 167, 271, 206], [185, 131, 225, 169], [306, 130, 352, 174], [278, 203, 321, 246], [344, 240, 405, 300], [396, 178, 455, 238]]","['Floating Head Tank', 'Floating Head Tank', 'Floating Head Tank', 'Floating Head Tank', 'Floating Head Tank', 'Floating Head Tank', 'Floating Head Tank']"
HorizontalFlip/24_1_3.jpg,"[[402, 205, 457, 262], [306, 241, 345, 279], [343, 287, 381, 327], [338, 160, 382, 206], [266, 191, 309, 234], [212, 107, 272, 168], [274, 57, 334, 116]]","['Floating Head Tank', 'Floating Head Tank', 'Floating Head Tank', 'Floating Head Tank', 'Floating Head Tank', 'Floating Head Tank', 'Floating Head Tank']"
HFlipRotate90/24_1_3.jpg,"[[205, 55, 262, 110], [241, 167, 279, 206], [287, 131, 327, 169], [160, 130, 206, 174], [191, 203, 234, 246], [107, 240, 168, 300], [57, 178, 116, 238]]","['Floating Head Tank', 'Floating Head Tank', 'Floating Head Tank', 'Floating Head Tank', 'Floating Head Tank', 'Floating Head Tank', 'Floating Head Tank']"
HFlipRotate180/24_1_3.jpg,"[[55, 250, 110, 307], [167, 233, 206, 271], [131, 185, 169, 225], [130, 306, 174, 352], [203, 278, 246, 321], [240, 344, 300, 405], [178, 396, 238, 455]]","['Floating Head Tank', 'Floating Head Tank', 'Floating Head Tank', 'Floating Head Tank', 'Floating Head Tank', 'Floating Head Tank', 'Floating Head Tank']"
HFlipRotate270/24_1_3.jpg,"[[250, 402, 307, 457], [233, 306, 271, 345], [185, 343, 225, 381], [306, 338, 352, 382], [278, 266, 321, 309], [344, 212, 405, 272], [396, 274, 455, 334]]","['Floating Head Tank', 'Floating Head Tank', 'Floating Head Tank', 'Floating Head Tank', 'Floating Head Tank', 'Floating Head Tank', 'Floating Head Tank']"
Rotate90/21_5_7.jpg,"[[181, 478, 293, 512]]",['Floating Head Tank']
Rotate180/21_5_7.jpg,"[[478, 219, 512, 331]]",['Floating Head Tank']
Rotate270/21_5_7.jpg,"[[219, 0, 331, 34]]",['Floating Head Tank']
HorizontalFlip/21_5_7.jpg,"[[478, 181, 512, 293]]",['Floating Head Tank']
HFlipRotate90/21_5_7.jpg,"[[181, 0, 293, 34]]",['Floating Head Tank']
HFlipRotate180/21_5_7.jpg,"[[0, 219, 34, 331]]",['Floating Head Tank']
HFlipRotate270/21_5_7.jpg,"[[219, 478, 331, 512]]",['Floating Head Tank']
Rotate90/34_6_4.jpg,"[[293, 419, 340, 465], [269, 270, 321, 320], [460, 377, 512, 447]]","['Floating Head Tank', 'Floating Head Tank', 'Floating Head Tank']"
Rotate180/34_6_4.jpg,"[[419, 172, 465, 219], [270, 191, 320, 243], [377, 0, 447, 52]]","['Floating Head Tank', 'Floating Head Tank', 'Floating Head Tank']"
Rotate270/34_6_4.jpg,"[[172, 47, 219, 93], [191, 192, 243, 242], [0, 65, 52, 135]]","['Floating Head Tank', 'Floating Head Tank', 'Floating Head Tank']"
HorizontalFlip/34_6_4.jpg,"[[419, 293, 465, 340], [270, 269, 320, 321], [377, 460, 447, 512]]","['Floating Head Tank', 'Floating Head Tank', 'Floating Head Tank']"
HFlipRotate90/34_6_4.jpg,"[[293, 47, 340, 93], [269, 192, 321, 242], [460, 65, 512, 135]]","['Floating Head Tank', 'Floating Head Tank', 'Floating Head Tank']"
HFlipRotate180/34_6_4.jpg,"[[47, 172, 93, 219], [192, 191, 242, 243], [65, 0, 135, 52]]","['Floating Head Tank', 'Floating Head Tank', 'Floating Head Tank']"
HFlipRotate270/34_6_4.jpg,"[[172, 419, 219, 465], [191, 270, 243, 320], [0, 377, 52, 447]]","['Floating Head Tank', 'Floating Head Tank', 'Floating Head Tank']"
Rotate90/41_3_7.jpg,"[[428, 387, 474, 431], [497, 387, 512, 430], [427, 482, 474, 512], [497, 484, 512, 512]]","['Floating Head Tank', 'Floating Head Tank', 'Floating Head Tank', 'Floating Head Tank']"
Rotate180/41_3_7.jpg,"[[387, 38, 431, 84], [387, 0, 430, 15], [482, 38, 512, 85], [484, 0, 512, 15]]","['Floating Head Tank', 'Floating Head Tank', 'Floating Head Tank', 'Floating Head Tank']"
Rotate270/41_3_7.jpg,"[[38, 81, 84, 125], [0, 82, 15, 125], [38, 0, 85, 30], [0, 0, 15, 28]]","['Floating Head Tank', 'Floating Head Tank', 'Floating Head Tank', 'Floating Head Tank']"
HorizontalFlip/41_3_7.jpg,"[[387, 428, 431, 474], [387, 497, 430, 512], [482, 427, 512, 474], [484, 497, 512, 512]]","['Floating Head Tank', 'Floating Head Tank', 'Floating Head Tank', 'Floating Head Tank']"
HFlipRotate90/41_3_7.jpg,"[[428, 81, 474, 125], [497, 82, 512, 125], [427, 0, 474, 30], [497, 0, 512, 28]]","['Floating Head Tank', 'Floating Head Tank', 'Floating Head Tank', 'Floating Head Tank']"
HFlipRotate180/41_3_7.jpg,"[[81, 38, 125, 84], [82, 0, 125, 15], [0, 38, 30, 85], [0, 0, 28, 15]]","['Floating Head Tank', 'Floating Head Tank', 'Floating Head Tank', 'Floating Head Tank']"
HFlipRotate270/41_3_7.jpg,"[[38, 387, 84, 431], [0, 387, 15, 430], [38, 482, 85, 512], [0, 484, 15, 512]]","['Floating Head Tank', 'Floating Head Tank', 'Floating Head Tank', 'Floating Head Tank']"
Rotate90/21_1_2.jpg,"[[378, 477, 476, 512], [295, 339, 396, 447], [486, 333, 511, 427], [406, 187, 507, 296], [326, 52, 424, 159], [254, 230, 325, 308], [194, 129, 265, 205]]","['Floating Head Tank', 'Floating Head Tank', 'Floating Head Tank', 'Floating Head Tank', 'Floating Head Tank', 'Floating Head Tank', 'Floating Head Tank']"
Rotate180/21_1_2.jpg,"[[477, 36, 512, 134], [339, 116, 447, 217], [333, 1, 427, 26], [187, 5, 296, 106], [52, 88, 159, 186], [230, 187, 308, 258], [129, 247, 205, 318]]","['Floating Head Tank', 'Floating Head Tank', 'Floating Head Tank', 'Floating Head Tank', 'Floating Head Tank', 'Floating Head Tank', 'Floating Head Tank']"
Rotate270/21_1_2.jpg,"[[36, 0, 134, 35], [116, 65, 217, 173], [1, 85, 26, 179], [5, 216, 106, 325], [88, 353, 186, 460], [187, 204, 258, 282], [247, 307, 318, 383]]","['Floating Head Tank', 'Floating Head Tank', 'Floating Head Tank', 'Floating Head Tank', 'Floating Head Tank', 'Floating Head Tank', 'Floating Head Tank']"
HorizontalFlip/21_1_2.jpg,"[[477, 378, 512, 476], [339, 295, 447, 396], [333, 486, 427, 511], [187, 406, 296, 507], [52, 326, 159, 424], [230, 254, 308, 325], [129, 194, 205, 265]]","['Floating Head Tank', 'Floating Head Tank', 'Floating Head Tank', 'Floating Head Tank', 'Floating Head Tank', 'Floating Head Tank', 'Floating Head Tank']"
HFlipRotate90/21_1_2.jpg,"[[378, 0, 476, 35], [295, 65, 396, 173], [486, 85, 511, 179], [406, 216, 507, 325], [326, 353, 424, 460], [254, 204, 325, 282], [194, 307, 265, 383]]","['Floating Head Tank', 'Floating Head Tank', 'Floating Head Tank', 'Floating Head Tank', 'Floating Head Tank', 'Floating Head Tank', 'Floating Head Tank']"
HFlipRotate180/21_1_2.jpg,"[[0, 36, 35, 134], [65, 116, 173, 217], [85, 1, 179, 26], [216, 5, 325, 106], [353, 88, 460, 186], [204, 187, 282, 258], [307, 247, 383, 318]]","['Floating Head Tank', 'Floating Head Tank', 'Floating Head Tank', 'Floating Head Tank', 'Floating Head Tank', 'Floating Head Tank', 'Floating Head Tank']"
HFlipRotate270/21_1_2.jpg,"[[36, 477, 134, 512], [116, 339, 217, 447], [1, 333, 26, 427], [5, 187, 106, 296], [88, 52, 186, 159], [187, 230, 258, 308], [247, 129, 318, 205]]","['Floating Head Tank', 'Floating Head Tank', 'Floating Head Tank', 'Floating Head Tank', 'Floating Head Tank', 'Floating Head Tank', 'Floating Head Tank']"
Rotate90/33_2_5.jpg,"[[269, 489, 337, 511], [181, 311, 217, 347], [149, 165, 215, 229], [120, 45, 183, 109]]","['Floating Head Tank', 'Floating Head Tank', 'Floating Head Tank', 'Floating Head Tank']"
Rotate180/33_2_5.jpg,"[[489, 175, 511, 243], [311, 295, 347, 331], [165, 297, 229, 363], [45, 329, 109, 392]]","['Floating Head Tank', 'Floating Head Tank', 'Floating Head Tank', 'Floating Head Tank']"
Rotate270/33_2_5.jpg,"[[175, 1, 243, 23], [295, 165, 331, 201], [297, 283, 363, 347], [329, 403, 392, 467]]","['Floating Head Tank', 'Floating Head Tank', 'Floating Head Tank', 'Floating Head Tank']"
HorizontalFlip/33_2_5.jpg,"[[489, 269, 511, 337], [311, 181, 347, 217], [165, 149, 229, 215], [45, 120, 109, 183]]","['Floating Head Tank', 'Floating Head Tank', 'Floating Head Tank', 'Floating Head Tank']"
HFlipRotate90/33_2_5.jpg,"[[269, 1, 337, 23], [181, 165, 217, 201], [149, 283, 215, 347], [120, 403, 183, 467]]","['Floating Head Tank', 'Floating Head Tank', 'Floating Head Tank', 'Floating Head Tank']"
HFlipRotate180/33_2_5.jpg,"[[1, 175, 23, 243], [165, 295, 201, 331], [283, 297, 347, 363], [403, 329, 467, 392]]","['Floating Head Tank', 'Floating Head Tank', 'Floating Head Tank', 'Floating Head Tank']"
HFlipRotate270/33_2_5.jpg,"[[175, 489, 243, 511], [295, 311, 331, 347], [297, 165, 363, 229], [329, 45, 392, 109]]","['Floating Head Tank', 'Floating Head Tank', 'Floating Head Tank', 'Floating Head Tank']"
Rotate90/01_5_1.jpg,"[[361, 474, 387, 504], [230, 503, 256, 512], [232, 416, 254, 440], [227, 261, 254, 293], [178, 417, 200, 442], [178, 359, 201, 384], [164, 260, 190, 293], [165, 503, 191, 511], [125, 416, 148, 441], [126, 358, 147, 384], [98, 261, 126, 293], [102, 503, 126, 511], [38, 504, 62, 512], [16, 417, 36, 441], [16, 359, 37, 383], [71, 358, 92, 383], [17, 290, 33, 308], [16, 248, 32, 267], [56, 249, 69, 265], [69, 94, 110, 139], [1, 94, 35, 140], [18, 1, 67, 22], [303, 0, 353, 20], [420, 1, 490, 34]]","['Tank', 'Tank', 'Tank', 'Tank', 'Tank', 'Tank', 'Tank', 'Tank', 'Tank', 'Tank', 'Tank', 'Tank', 'Tank', 'Tank', 'Tank', 'Tank', 'Tank', 'Tank', 'Tank', 'Tank', 'Tank', 'Floating Head Tank', 'Floating Head Tank', 'Floating Head Tank']"
Rotate180/01_5_1.jpg,"[[474, 125, 504, 151], [503, 256, 512, 282], [416, 258, 440, 280], [261, 258, 293, 285], [417, 312, 442, 334], [359, 311, 384, 334], [260, 322, 293, 348], [503, 321, 511, 347], [416, 364, 441, 387], [358, 365, 384, 386], [261, 386, 293, 414], [503, 386, 511, 410], [504, 450, 512, 474], [417, 476, 441, 496], [359, 475, 383, 496], [358, 420, 383, 441], [290, 479, 308, 495], [248, 480, 267, 496], [249, 443, 265, 456], [94, 402, 139, 443], [94, 477, 140, 511], [1, 445, 22, 494], [0, 159, 20, 209], [1, 22, 34, 92]]","['Tank', 'Tank', 'Tank', 'Tank', 'Tank', 'Tank', 'Tank', 'Tank', 'Tank', 'Tank', 'Tank', 'Tank', 'Tank', 'Tank', 'Tank', 'Tank', 'Tank', 'Tank', 'Tank', 'Tank', 'Tank', 'Floating Head Tank', 'Floating Head Tank', 'Floating Head Tank']"
Rotate270/01_5_1.jpg,"[[125, 8, 151, 38], [256, 0, 282, 9], [258, 72, 280, 96], [258, 219, 285, 251], [312, 70, 334, 95], [311, 128, 334, 153], [322, 219, 348, 252], [321, 1, 347, 9], [364, 71, 387, 96], [365, 128, 386, 154], [386, 219, 414, 251], [386, 1, 410, 9], [450, 0, 474, 8], [476, 71, 496, 95], [475, 129, 496, 153], [420, 129, 441, 154], [479, 204, 495, 222], [480, 245, 496, 264], [443, 247, 456, 263], [402, 373, 443, 418], [477, 372, 511, 418], [445, 490, 494, 511], [159, 492, 209, 512], [22, 478, 92, 511]]","['Tank', 'Tank', 'Tank', 'Tank', 'Tank', 'Tank', 'Tank', 'Tank', 'Tank', 'Tank', 'Tank', 'Tank', 'Tank', 'Tank', 'Tank', 'Tank', 'Tank', 'Tank', 'Tank', 'Tank', 'Tank', 'Floating Head Tank', 'Floating Head Tank', 'Floating Head Tank']"
HorizontalFlip/01_5_1.jpg,"[[474, 361, 504, 387], [503, 230, 512, 256], [416, 232, 440, 254], [261, 227, 293, 254], [417, 178, 442, 200], [359, 178, 384, 201], [260, 164, 293, 190], [503, 165, 511, 191], [416, 125, 441, 148], [358, 126, 384, 147], [261, 98, 293, 126], [503, 102, 511, 126], [504, 38, 512, 62], [417, 16, 441, 36], [359, 16, 383, 37], [358, 71, 383, 92], [290, 17, 308, 33], [248, 16, 267, 32], [249, 56, 265, 69], [94, 69, 139, 110], [94, 1, 140, 35], [1, 18, 22, 67], [0, 303, 20, 353], [1, 420, 34, 490]]","['Tank', 'Tank', 'Tank', 'Tank', 'Tank', 'Tank', 'Tank', 'Tank', 'Tank', 'Tank', 'Tank', 'Tank', 'Tank', 'Tank', 'Tank', 'Tank', 'Tank', 'Tank', 'Tank', 'Tank', 'Tank', 'Floating Head Tank', 'Floating Head Tank', 'Floating Head Tank']"
HFlipRotate90/01_5_1.jpg,"[[361, 8, 387, 38], [230, 0, 256, 9], [232, 72, 254, 96], [227, 219, 254, 251], [178, 70, 200, 95], [178, 128, 201, 153], [164, 219, 190, 252], [165, 1, 191, 9], [125, 71, 148, 96], [126, 128, 147, 154], [98, 219, 126, 251], [102, 1, 126, 9], [38, 0, 62, 8], [16, 71, 36, 95], [16, 129, 37, 153], [71, 129, 92, 154], [17, 204, 33, 222], [16, 245, 32, 264], [56, 247, 69, 263], [69, 373, 110, 418], [1, 372, 35, 418], [18, 490, 67, 511], [303, 492, 353, 512], [420, 478, 490, 511]]","['Tank', 'Tank', 'Tank', 'Tank', 'Tank', 'Tank', 'Tank', 'Tank', 'Tank', 'Tank', 'Tank', 'Tank', 'Tank', 'Tank', 'Tank', 'Tank', 'Tank', 'Tank', 'Tank', 'Tank', 'Tank', 'Floating Head Tank', 'Floating Head Tank', 'Floating Head Tank']"
